3
0
7
14
6
2
1
22
45
3
2
43
44
12
3
3
8
13
46
2
4
15
11
3
5
11
33
45
5
6
0
14
32
20
41
4
7
19
14
0
17
2
8
13
3
4
9
24
16
35
26
2
10
46
12
5
11
4
15
23
33
5
2
12
10
2
4
13
8
3
37
34
6
14
7
19
26
32
6
0
5
15
25
16
23
11
4
6
16
25
15
23
40
35
9
2
17
7
19
2
18
25
24
5
19
17
7
14
26
24
4
20
6
32
40
27
3
21
30
28
42
3
22
29
28
1
5
23
16
15
11
33
40
5
24
18
25
9
26
19
5
25
18
24
9
16
15
6
26
19
24
9
35
32
14
4
27
31
40
20
42
4
28
21
30
29
22
2
29
28
22
3
30
21
28
44
3
31
27
40
33
6
32
26
35
40
20
6
14
5
33
31
40
23
11
5
5
34
13
37
39
38
41
6
35
26
24
9
16
40
32
2
36
39
38
4
37
3
13
34
39
3
38
34
39
36
5
39
43
37
34
38
36
8
40
20
32
35
16
23
33
31
27
2
41
6
34
2
42
27
21
2
43
39
2
2
44
2
30
2
45
5
1
2
46
3
10
