1254
115
1299
1093
1868
517
1858
126
429
1110
1105
1100
1324
334
966
19
1717
6
747
535
1869
269
770
1072
1864
360
1675
112
1041
183
446
820
642
639
753
7
449
281
761
131
1323
548
1709
814
1619
1084
821
850
655
277
419
485
917
308
1499
764
1775
922
1895
1112
1860
785
1375
870
1111
467
1099
906
1533
223
939
524
1684
656
1678
293
1504
630
1598
508
1038
701
1403
346
1628
828
1755
531
1941
687
1210
1103
1918
191
